user,video
37,0
5,0
32,0
30,0
41,0
16,0
20,0
34,0
48,0
15,0
19,0
38,0
17,0
46,0
43,0
4,0
23,0
12,0
36,0
47,0
8,0
29,0
45,0
39,0
28,0
7,0
33,0
21,0
13,0
25,0
10,0
11,0
37,1
5,1
32,1
30,1
41,1
16,1
20,1
34,1
48,1
15,1
19,1
38,1
17,1
46,1
43,1
4,1
23,1
12,1
36,1
47,1
8,1
29,1
45,1
39,1
28,1
7,1
33,1
21,1
13,1
25,1
10,1
11,1
37,2
5,2
32,2
30,2
41,2
16,2
20,2
34,2
48,2
15,2
19,2
38,2
17,2
46,2
43,2
4,2
23,2
12,2
36,2
47,2
8,2
29,2
45,2
39,2
28,2
7,2
33,2
21,2
13,2
25,2
10,2
11,2
37,3
5,3
32,3
30,3
41,3
16,3
20,3
34,3
48,3
15,3
19,3
38,3
17,3
46,3
43,3
4,3
23,3
12,3
36,3
47,3
8,3
29,3
45,3
39,3
28,3
7,3
33,3
21,3
13,3
25,3
10,3
11,3
37,4
5,4
32,4
30,4
41,4
16,4
20,4
34,4
48,4
15,4
19,4
38,4
17,4
46,4
43,4
4,4
23,4
12,4
36,4
47,4
8,4
29,4
45,4
39,4
28,4
7,4
33,4
21,4
13,4
25,4
10,4
11,4
37,5
5,5
32,5
30,5
41,5
16,5
20,5
34,5
48,5
15,5
19,5
38,5
17,5
46,5
43,5
4,5
23,5
12,5
36,5
47,5
8,5
29,5
45,5
39,5
28,5
7,5
33,5
21,5
13,5
25,5
10,5
11,5
37,6
5,6
32,6
30,6
41,6
16,6
20,6
34,6
48,6
15,6
19,6
38,6
17,6
46,6
43,6
4,6
23,6
12,6
36,6
47,6
8,6
29,6
45,6
39,6
28,6
7,6
33,6
21,6
13,6
25,6
10,6
11,6
37,7
5,7
32,7
30,7
41,7
16,7
20,7
34,7
48,7
15,7
19,7
38,7
17,7
46,7
43,7
4,7
23,7
12,7
36,7
47,7
8,7
29,7
45,7
39,7
28,7
7,7
33,7
21,7
13,7
25,7
10,7
11,7
37,8
5,8
32,8
30,8
41,8
16,8
20,8
34,8
48,8
15,8
19,8
38,8
17,8
46,8
43,8
4,8
23,8
12,8
36,8
47,8
8,8
29,8
45,8
39,8
28,8
7,8
33,8
21,8
13,8
25,8
10,8
11,8
